112
101
114
115
111
110
97
108
32
103
114
111
119
116
104
32
97
110
100
32
112
138
102
101
115
115
105
132
134
32
100
101
118
101
108
111
112
109
101
110
116
58
10
10
76
105
150
162
110
103
32
108
101
97
114
110
105
176
32
115
116
144
100
115
143
191
97
32
99
111
182
129
187
132
101
32
184
32
141
202
106
111
117
198
121
32
111
102
147
199
155
135
158
160
162
164
166
116
143
145
32
10
148
214
151
153
218
136
138
140
104
46
32
73
225
101
109
98
111
100
105
151
205
104
202
128
114
128
116
117
156
112
210
115
117
105
225
214
32
107
110
139
179
100
103
202
189
186
107
105
108
135
97
99
113
262
153
116
154
110
250
97
225
10
101
120
116
166
190
32
102
181
32
98
101
121
132
146
206
195
132
102
184
249
265
102
197
109
156
101
100
117
99
289
286
239
73
287
144
32
159
129
45
159
111
108
118
184
177
119
197
108
100
44
228
306
118
134
117
202
265
196
167
184
117
209
191
179
181
183
185
320
110
268
225
301
213
160
130
188
294
100
323
225
116
114
144
115
99
295
191
306
372
97
247
285
234
10
245
117
145
181
248
191
265
375
104
111
332
335
341
243
112
104
97
153
122
335
143
32
109
184
190
101
371
401
225
313
187
199
195
210
154
284
121
341
381
97
112
188
98
277
263
422
226
146
194
10
141
105
366
297
197
32
110
101
119
327
120
253
248
110
376
115
46
170
84
251
186
105
103
183
309
359
376
213
215
108
173
161
132
177
355
182
405
301
196
165
191
159
105
158
167
32
119
251
287
349
153
158
114
405
306
100
121
133
408
99
441
289
210
347
215
10
209
114
186
111
99
248
116
121
239
84
101
99
104
268
162
103
212
381
344
449
249
289
226
32
387
148
512
317
224
317
147
280
101
341
409
117
187
488
249
387
487
103
111
32
373
112
478
342
373
110
115
313
114
315
383
551
423
227
103
162
98
156
513
134
179
176
249
158
315
227
184
268
344
285
160
504
108
117
556
451
240
145
105
334
318
134
191
474
408
116
368
205
544
10
465
174
468
178
180
471
185
292
104
105
428
225
326
163
166
442
152
593
327
244
373
462
564
567
432
143
99
575
161
212
115
101
101
107
613
292
112
274
206
437
228
267
269
317
272
300
402
101
239
83
319
142
409
584
478
257
108
191
361
213
110
108
212
133
334
103
289
202
206
626
186
604
102
116
191
109
197
202
101
102
150
622
584
624
300
579
143
652
594
349
372
605
579
202
261
98
187
144
285
565
212
116
544
230
137
232
620
572
111
574
322
170
79
442
463
250
202
671
187
307
109
128
278
405
402
128
622
391
464
466
175
469
600
357
177
105
191
263
193
428
465
508
613
98
138
381
166
216
130
721
623
581
241
228
166
196
210
97
272
732
583
585
651
378
544
631
162
114
202
247
365
665
690
106
512
669
341
99
117
108
256
763
115
558
146
478
180
778
418
775
584
321
185
194
488
513
205
425
151
372
212
501
215
541
199
188
583
176
510
604
476
446
111
261
763
784
575
662
476
716
289
104
431
99
488
285
320
135
436
110
276
176
779
143
100
425
427
429
508
398
152
224
105
156
10
282
134
263
390
203
325
287
184
294
114
349
442
622
531
337
114
339
370
327
133
98
179
755
765
650
587
738
411
849
715
527
483
146
247
675
129
224
32
334
443
112
111
848
783
10
415
849
719
407
672
845
99
578
153
576
274
609
110
45
408
145
531
131
506
411
509
170
324
711
147
149
232
286
156
115
400
876
341
306
519
693
753
311
215
685
351
353
599
356
719
810
184
344
578
97
861
643
582
318
538
844
181
202
204
10
194
485
801
225
692
294
710
102
578
120
341
119
263
142
208
98
545
332
522
227
763
282
437
243
224
476
118
332
334
185
546
478
657
239
69
615
280
405
925
110
352
537
228
470
729
859
809
249
141
523
230
150
152
913
652
545
243
97
204
763
179
520
607
227
474
255
843
160
858
565
139
378
251
109
613
117
112
115
276
278
341
10
777
1024
108
828
424
426
613
306
618
103
405
569
189
723
909
315
114
107
411
239
77
672
704
129
535
242
110
401
521
191
230
936
109
45
131
333
405
945
735
843
964
146
819
180
575
430
398
860
465
185
648
757
866
697
463
150
503
703
705
576
1062
579
286
755
711
635
777
745
678
297
248
339
451
170
70
210
206
554
672
341
596
467
185
989
983
132
686
98
688
191
153
458
173
105
359
116
657
613
253
131
133
135
137
139
141
858
399
139
417
1078
865
1000
1081
10
626
1008
433
513
248
576
442
444
543
587
341
886
129
888
626
551
499
621
1010
465
115
104
165
480
274
102
774
309
278
1164
116
239
76
728
405
1148
275
277
1000
440
100
291
1063
1077
167
544
387
298
408
465
299
768
770
653
111
264
656
212
166
790
251
191
637
119
270
640
1115
607
683
300
395
187
588
308
781
521
620
626
108
102
330
416
243
239
10
748
750
502
922
193
407
409
1142
288
412
488
160
391
287
1219
1221
105
716
138
160
1171
535
1119
285
788
743
255
651
195
121
892
1158
1130
237
620
220
467
223
167
452
10
65
100
163
1250
177
946
111
109
590
1171
613
1108
726
928
601
177
966
262
777
406
230
280
623
143
112
1288
513
858
932
973
249
626
628
405
209
290
1177
163
881
114
256
183
285
249
553
327
318
320
556
1218
1029
157
328
222
1171
804
731
195
326
188
1045
878
389
927
553
109
783
102
138
1019
1332
316
1314
321
132
613
10
184
1338
135
1111
185
141
138
117
103
142
245
111
107
783
132
1076
202
751
130
151
956
197
1357
394
1022
341
440
328
287
631
1154
837
156
1348
177
1350
209
1353
32
394
98
428
311
503
380
221
1225
454
764
457
263
156
922
1383
402
456
1119
460
693
1124
631
189
531
919
160
985
1311
440
1378
341
315
826
177
1204
1206
712
890
280
450
153
936
288
1373
365
300
674
672
1266
908
349
892
537
286
1107
725
598
1378
203
1231
1315
134
121
714
1312
1126
234
274
996
912
1450
100
520
376
1322
240
242
967
1022
845
864
586
1000
957
141
342
455
697
332
653
528
152
181
696
544
1350
1096
204
789
425
977
212
1036
405
855
857
32
980
739
982
1251
900
410
412
523
933
346
1214
350
985
927
1441
654
501
1198
859
1055
450
655
101
39
1117
1029
193
227
1418
639
202
1208
682
131
859
1201
249
1108
445
447
750
151
239
65
1017
273
830
640
543
1364
32
34
1392
889
810
303
117
1281
110
1026
306
671
1545
209
1001
842
122
663
251
931
759
1548
44
34
702
287
436
191
763
1556
1341
287
465
993
455
301
97
579
518
227
881
119
129
710
1279
1440
1175
803
1459
1514
406
10
208
210
442
696
413
441
328
1388
114
774
1199
145
783
1522
373
1104
525
110
313
1099
845
1081
1273
1502
986
1517
146
763
119
181
247
602
446
762
1571
710
306
1488
433
227
201
1241
